50 25089
803 969 741 58 536 353 156 931 415 541 981 444 836 41 187 521 551 7 646 503 835 505 287 862 444 168 182 252 114 484 844 848 195 452 84 799 864 663 209 662 853 263 752 713 187 880 941 331 743 99 
0 10 75 140 15 138 56 106 2 100 16 88 106 103 155 117 80 128 65 52 47 120 136 206 75 202 80 45 155 77 139 88 84 97 96 60 65 67 186 150 72 77 77 84 50 129 124 56 100 119 128 
10 0 81 146 5 135 62 96 8 92 22 78 103 93 151 107 70 118 55 42 53 117 126 196 65 192 70 35 145 67 139 78 76 87 86 50 55 57 176 140 78 83 67 90 40 126 133 46 90 125 134 
75 81 0 143 86 63 99 136 73 143 59 31 56 94 145 120 55 94 61 92 90 70 79 227 93 163 39 116 110 43 92 56 127 65 55 126 55 63 144 116 115 148 73 92 76 103 110 82 90 135 155 
140 146 143 0 142 86 84 79 138 96 124 112 128 175 219 64 131 153 166 157 140 142 160 182 169 235 104 118 179 129 164 142 80 151 120 196 117 164 207 132 68 213 160 147 181 46 53 187 152 115 12 
15 5 86 142 0 133 67 101 13 97 27 83 108 95 153 102 65 121 57 37 58 122 131 201 70 187 75 30 147 72 144 73 81 82 91 55 60 55 171 142 83 88 69 95 45 131 138 51 95 130 139 
138 135 63 86 133 0 113 73 136 155 122 94 119 118 165 150 118 157 80 151 153 133 142 176 132 226 102 163 151 106 155 119 139 128 118 185 111 78 201 53 128 198 92 155 95 40 47 101 146 175 98 
56 62 99 84 67 113 0 106 54 44 40 104 79 129 207 143 132 158 117 104 56 93 152 209 127 186 112 97 186 129 115 135 28 144 128 112 117 119 167 108 16 129 108 95 102 73 80 108 152 63 72 
106 96 136 79 101 73 106 0 104 148 118 146 171 176 206 143 118 135 138 138 149 185 158 169 156 240 138 131 100 116 207 129 132 138 154 142 104 140 194 53 122 179 150 169 136 33 40 142 139 169 91 
2 8 73 138 13 136 54 104 0 98 14 86 108 101 153 115 78 126 63 50 45 122 134 204 73 200 78 43 153 75 137 86 82 95 94 58 63 65 184 148 70 75 75 82 48 127 126 54 98 117 126 
100 92 143 96 97 155 44 148 98 0 84 112 91 170 216 155 136 127 132 127 100 105 160 233 157 198 104 127 190 104 127 91 16 100 88 142 116 134 179 152 28 173 120 51 132 115 122 138 149 75 84 
16 22 59 124 27 122 40 118 14 84 0 90 115 89 167 129 92 133 77 64 31 129 138 218 87 214 92 57 167 89 151 100 68 109 108 72 77 79 198 148 56 89 89 96 62 113 120 68 112 103 112 
88 78 31 112 83 94 104 146 86 112 90 0 25 63 114 89 86 63 92 120 107 39 48 219 108 132 8 91 141 74 61 87 100 96 24 128 86 94 113 147 88 123 104 61 83 113 106 77 75 135 124 
106 103 56 128 108 119 79 171 108 91 115 25 0 88 139 64 111 88 117 145 132 14 73 194 124 107 33 115 166 99 36 112 75 121 49 153 111 119 88 172 63 98 129 86 108 138 131 102 100 110 119 
103 93 94 175 95 118 129 176 101 170 89 63 88 0 114 152 128 126 38 132 120 102 111 209 90 195 71 125 128 123 124 136 154 145 87 135 135 40 176 123 142 80 50 124 53 158 165 59 138 189 187 
155 151 145 219 153 165 207 206 153 216 167 114 139 114 0 171 122 177 96 139 192 153 66 257 148 244 122 183 186 114 140 127 212 136 138 195 102 98 192 181 200 78 108 167 111 173 180 117 67 165 231 
117 107 120 64 102 150 143 143 115 155 129 89 64 152 171 0 167 89 147 139 112 78 137 246 172 171 97 132 230 163 100 175 139 184 113 157 162 145 152 196 127 162 159 150 147 110 117 153 164 174 76 
80 70 55 131 65 118 132 118 78 136 92 86 111 128 122 167 0 149 90 60 123 125 134 172 38 122 94 95 165 32 126 45 146 54 110 115 20 92 158 107 148 153 102 85 75 85 78 69 55 124 143 
128 118 94 153 121 157 158 135 126 127 133 63 88 126 177 89 149 0 151 152 102 102 111 282 171 195 55 100 204 129 124 116 143 125 39 68 141 149 176 188 151 105 150 76 146 160 153 140 138 195 165 
65 55 61 166 57 80 117 138 63 132 77 92 117 38 96 147 90 151 0 94 108 131 106 171 52 160 96 87 90 85 140 98 116 107 112 105 97 2 192 85 104 118 12 138 15 120 127 21 132 151 160 
52 42 92 157 37 151 104 138 50 127 64 120 145 132 139 139 60 152 94 0 95 159 168 232 98 182 112 67 184 49 181 36 118 45 113 92 40 92 149 167 120 125 106 76 82 111 118 88 75 115 169 
47 53 90 140 58 153 56 149 45 100 31 107 132 120 192 112 123 102 108 95 0 146 126 249 118 235 99 88 198 120 168 131 84 140 83 103 108 110 171 164 72 120 120 120 93 129 136 99 143 119 128 
120 117 70 142 122 133 93 185 122 105 129 39 14 102 153 78 125 102 131 159 146 0 87 180 110 93 47 129 180 113 22 126 89 135 63 167 125 133 74 186 77 84 143 100 122 152 145 116 114 124 133 
136 126 79 160 131 142 152 158 134 160 138 48 73 111 66 137 134 111 106 168 126 87 0 267 156 180 56 139 172 122 109 135 148 144 72 176 134 108 161 191 136 144 94 109 121 161 154 125 123 163 172 
206 196 227 182 201 176 209 169 204 233 218 219 194 209 257 246 172 282 171 232 249 180 267 0 134 87 227 231 261 204 172 217 217 226 243 246 192 173 120 222 225 234 183 257 156 136 143 162 227 272 194 
75 65 93 169 70 132 127 156 73 157 87 108 124 90 148 172 38 171 52 98 118 110 156 134 0 160 116 100 142 70 88 83 141 92 132 115 58 54 140 137 143 148 64 123 37 123 116 31 93 162 181 
202 192 163 235 187 226 186 240 200 198 214 132 107 195 244 171 122 195 160 182 235 93 180 87 160 0 140 217 223 154 115 167 182 176 156 237 142 162 64 229 170 177 172 193 175 207 200 181 177 217 226 
80 70 39 104 75 102 112 138 78 104 92 8 33 71 122 97 94 55 96 112 99 47 56 227 116 140 0 83 149 82 69 93 108 102 16 120 94 94 121 155 96 131 108 53 91 105 98 85 83 143 116 
45 35 116 118 30 163 97 131 43 127 57 91 115 125 183 132 95 100 87 67 88 129 139 231 100 217 83 0 177 102 151 103 111 112 67 85 90 85 201 172 113 118 99 104 75 161 168 81 125 160 130 
155 145 110 179 147 151 186 100 153 190 167 141 166 128 186 230 165 204 90 184 198 180 172 261 142 223 149 177 0 153 202 166 174 175 165 195 165 92 159 153 170 208 78 202 105 133 140 111 200 217 191 
77 67 43 129 72 106 129 116 75 104 89 74 99 123 114 163 32 129 85 49 120 113 122 204 70 154 82 102 153 0 135 13 120 22 90 83 12 87 126 139 132 150 97 53 70 83 90 76 47 92 141 
139 139 92 164 144 155 115 207 137 127 151 61 36 124 140 100 126 124 140 181 168 22 109 172 88 115 69 151 202 135 0 148 111 157 85 189 146 142 52 208 99 62 152 122 125 174 167 119 136 146 155 
88 78 56 142 73 119 135 129 86 91 100 87 112 136 127 175 45 116 98 36 131 126 135 217 83 167 93 103 166 13 148 0 107 9 77 70 25 100 113 152 119 161 110 40 83 96 103 89 60 79 154 
84 76 127 80 81 139 28 132 82 16 68 100 75 154 212 139 146 143 116 118 84 89 148 217 141 182 108 111 174 120 111 107 0 116 104 126 131 118 163 136 12 157 104 67 116 99 106 122 165 59 68 
97 87 65 151 82 128 144 138 95 100 109 96 121 145 136 184 54 125 107 45 140 135 144 226 92 176 102 112 175 22 157 9 116 0 86 79 34 109 122 161 128 170 119 49 92 105 112 98 69 88 163 
96 86 55 120 91 118 128 154 94 88 108 24 49 87 138 113 110 39 112 113 83 63 72 243 132 156 16 67 165 90 85 77 104 86 0 107 102 110 137 171 112 144 111 37 107 121 114 101 99 156 132 
60 50 126 196 55 185 112 142 58 142 72 128 153 135 195 157 115 68 105 92 103 167 176 246 115 237 120 85 195 83 189 70 126 79 107 0 95 107 183 168 128 133 117 110 90 166 173 96 130 149 184 
65 55 55 117 60 111 117 104 63 116 77 86 111 135 102 162 20 141 97 40 108 125 134 192 58 142 94 90 165 12 146 25 131 34 102 95 0 99 138 127 133 138 109 65 82 71 78 88 35 104 129 
67 57 63 164 55 78 119 140 65 134 79 94 119 40 98 145 92 149 2 92 110 133 108 173 54 162 94 85 92 87 142 100 118 109 110 107 99 0 194 87 106 120 14 140 17 118 125 23 134 153 162 
186 176 144 207 171 201 167 194 184 179 198 113 88 176 192 152 158 176 192 149 171 74 161 120 140 64 121 201 159 126 52 113 163 122 137 183 138 194 0 247 151 114 204 153 177 161 168 171 173 192 207 
150 140 116 132 142 53 108 53 148 152 148 147 172 123 181 196 107 188 85 167 164 186 191 222 137 229 155 172 153 139 208 152 136 161 171 168 127 87 247 0 124 203 97 189 100 86 93 106 162 171 144 
72 78 115 68 83 128 16 122 70 28 56 88 63 142 200 127 148 151 104 120 72 77 136 225 143 170 96 113 170 132 99 119 12 128 112 128 133 106 151 124 0 145 92 79 118 89 96 124 163 47 56 
77 83 148 213 88 198 129 179 75 173 89 123 98 80 78 162 153 105 118 125 120 84 144 234 148 177 131 118 208 150 62 161 157 170 144 133 138 120 114 203 145 0 130 157 123 202 201 129 145 192 201 
77 67 73 160 69 92 108 150 75 120 89 104 129 50 108 159 102 150 12 106 120 143 94 183 64 172 108 99 78 97 152 110 104 119 111 117 109 14 204 97 92 130 0 148 27 132 139 33 144 139 148 
84 90 92 147 95 155 95 169 82 51 96 61 86 124 167 150 85 76 138 76 120 100 109 257 123 193 53 104 202 53 122 40 67 49 37 110 65 140 153 189 79 157 148 0 123 136 143 129 100 119 135 
50 40 76 181 45 95 102 136 48 132 62 83 108 53 111 147 75 146 15 82 93 122 121 156 37 175 91 75 105 70 125 83 116 92 107 90 82 17 177 100 118 123 27 123 0 135 142 6 117 162 174 
129 126 103 46 131 40 73 33 127 115 113 113 138 158 173 110 85 160 120 111 129 152 161 136 123 207 105 161 133 83 174 96 99 105 121 166 71 118 161 86 89 202 132 136 135 0 7 141 106 136 58 
124 133 110 53 138 47 80 40 126 122 120 106 131 165 180 117 78 153 127 118 136 145 154 143 116 200 98 168 140 90 167 103 106 112 114 173 78 125 168 93 96 201 139 143 142 7 0 147 113 143 65 
56 46 82 187 51 101 108 142 54 138 68 77 102 59 117 153 69 140 21 88 99 116 125 162 31 181 85 81 111 76 119 89 122 98 101 96 88 23 171 106 124 129 33 129 6 141 147 0 123 168 180 
100 90 90 152 95 146 152 139 98 149 112 75 100 138 67 164 55 138 132 75 143 114 123 227 93 177 83 125 200 47 136 60 165 69 99 130 35 134 173 162 163 145 144 100 117 106 113 123 0 139 164 
119 125 135 115 130 175 63 169 117 75 103 135 110 189 165 174 124 195 151 115 119 124 163 272 162 217 143 160 217 92 146 79 59 88 156 149 104 153 192 171 47 192 139 119 162 136 143 168 139 0 103 
128 134 155 12 139 98 72 91 126 84 112 124 119 187 231 76 143 165 160 169 128 133 172 194 181 226 116 130 191 141 155 154 68 163 132 184 129 162 207 144 56 201 148 135 174 58 65 180 164 103 0 
