37 13456
921 643 276 803 969 741 58 536 353 156 931 415 541 981 444 836 41 187 521 551 7 646 503 835 505 287 862 444 168 182 252 114 484 844 848 195 452 
0 84 113 138 137 177 99 118 63 65 8 99 124 177 88 63 114 129 177 61 121 130 132 129 194 101 165 92 199 214 221 96 101 118 79 79 119 77 
84 0 76 54 150 206 163 71 106 104 92 164 40 190 101 147 198 131 175 126 37 132 85 158 196 130 133 8 115 188 203 93 114 133 94 122 110 92 
113 76 0 50 74 162 87 5 50 48 115 109 36 114 25 170 138 55 114 132 91 56 19 116 120 54 112 84 151 157 137 27 38 73 34 66 58 36 
138 54 50 0 124 212 137 45 100 98 146 148 14 164 75 201 188 105 121 110 91 106 59 166 170 104 107 62 169 164 177 67 88 123 84 116 84 86 
137 150 74 124 0 166 161 79 74 72 145 133 110 106 49 186 64 65 138 171 115 130 93 140 130 52 135 145 149 181 182 101 36 97 58 90 56 60 
177 206 162 212 166 0 237 167 114 116 185 173 198 166 137 240 102 142 226 211 183 206 181 48 207 152 212 213 148 265 126 189 150 169 130 130 170 128 
99 163 87 137 161 237 0 92 123 121 107 78 123 133 112 162 197 142 135 116 164 31 106 189 207 141 199 171 100 158 224 114 125 150 111 139 145 109 
118 71 5 45 79 167 92 0 55 53 110 114 31 119 30 165 143 60 119 127 96 61 14 121 125 59 117 79 156 162 132 22 43 78 39 71 63 41 
63 106 50 100 74 114 123 55 0 2 71 59 86 114 25 126 120 66 114 97 69 92 69 66 131 38 112 99 151 151 158 77 38 55 16 16 56 14 
65 104 48 98 72 116 121 53 2 0 73 61 84 112 23 128 122 68 112 99 67 90 67 68 133 40 110 97 149 153 156 75 36 53 14 18 56 12 
8 92 115 146 145 185 107 110 71 73 0 107 132 185 96 71 122 137 185 69 129 138 124 137 202 109 173 100 207 222 229 88 109 126 87 87 127 85 
99 164 109 148 133 173 78 114 59 61 107 0 134 173 84 162 179 125 124 38 128 109 128 125 190 97 142 156 178 167 217 136 97 114 75 75 115 73 
124 40 36 14 110 198 123 31 86 84 132 134 0 150 61 187 174 91 135 96 77 92 45 152 156 90 93 48 155 178 163 53 74 109 70 102 70 72 
177 190 114 164 106 166 133 119 114 112 185 173 150 0 89 235 64 169 178 211 155 102 133 180 234 118 176 185 215 221 222 141 102 137 98 130 122 100 
88 101 25 75 49 137 112 30 25 23 96 84 61 89 0 151 113 80 89 122 66 81 44 91 145 29 87 96 126 132 133 52 13 48 9 41 33 11 
63 147 170 201 186 240 162 165 126 128 71 162 187 235 151 0 171 192 240 124 184 193 179 192 257 134 228 155 262 277 284 159 150 181 142 142 170 140 
114 198 138 188 64 102 197 143 120 122 122 179 174 64 113 171 0 129 202 175 179 166 157 150 194 116 199 206 213 239 228 165 100 161 122 104 120 124 
129 131 55 105 65 142 142 60 66 68 137 125 91 169 80 192 129 0 169 163 135 111 74 132 65 91 70 139 188 185 192 82 75 118 82 50 55 80 
177 175 114 121 138 226 135 119 114 112 185 124 135 178 89 240 202 169 0 162 155 166 133 180 234 118 176 183 110 43 222 141 102 137 98 130 122 100 
61 126 132 110 171 211 116 127 97 99 69 38 96 211 122 124 175 163 162 0 148 147 141 163 228 135 104 118 216 205 255 149 135 152 113 113 153 111 
121 37 91 91 115 183 164 96 69 67 129 128 77 155 66 184 179 135 155 148 0 133 110 135 200 95 153 30 152 191 199 117 79 96 57 85 99 55 
130 132 56 106 130 206 31 61 92 90 138 109 92 102 81 193 166 111 166 147 133 0 75 158 176 110 168 140 131 189 193 83 94 119 80 108 114 78 
132 85 19 59 93 181 106 14 69 67 124 128 45 133 44 179 157 74 133 141 110 75 0 135 139 73 131 93 170 176 118 36 57 92 53 85 77 55 
129 158 116 166 140 48 189 121 66 68 137 125 152 180 91 192 150 132 180 163 135 158 135 0 197 104 178 165 100 217 174 143 104 121 82 82 122 80 
194 196 120 170 130 207 207 125 131 133 202 190 156 234 145 257 194 65 234 228 200 176 139 197 0 156 135 204 240 224 257 147 140 183 147 115 120 145 
101 130 54 104 52 152 141 59 38 40 109 97 90 118 29 134 116 91 118 135 95 110 73 104 156 0 116 125 129 161 162 81 16 77 38 54 36 40 
165 133 112 107 135 212 199 117 112 110 173 142 93 176 87 228 199 70 176 104 153 168 131 178 135 116 0 141 213 219 220 139 100 135 96 120 120 98 
92 8 84 62 145 213 171 79 99 97 100 156 48 185 96 155 206 139 183 118 30 140 93 165 204 125 141 0 123 196 211 87 109 126 87 115 118 85 
199 115 151 169 149 148 100 156 151 149 207 178 155 215 126 262 213 188 110 216 152 131 170 100 240 129 213 123 0 153 259 178 113 174 135 167 133 137 
214 188 157 164 181 265 158 162 151 153 222 167 178 221 132 277 239 185 43 205 191 189 176 217 224 161 219 196 153 0 265 184 145 180 141 135 165 143 
221 203 137 177 182 126 224 132 158 156 229 217 163 222 133 284 228 192 222 255 199 193 118 174 257 162 220 211 259 265 0 154 146 181 142 174 166 144 
96 93 27 67 101 189 114 22 77 75 88 136 53 141 52 159 165 82 141 149 117 83 36 143 147 81 139 87 178 184 154 0 65 100 61 93 85 63 
101 114 38 88 36 150 125 43 38 36 109 97 74 102 13 150 100 75 102 135 79 94 57 104 140 16 100 109 113 145 146 65 0 61 22 54 20 24 
118 133 73 123 97 169 150 78 55 53 126 114 109 137 48 181 161 118 137 152 96 119 92 121 183 77 135 126 174 180 181 100 61 0 39 68 81 41 
79 94 34 84 58 130 111 39 16 14 87 75 70 98 9 142 122 82 98 113 57 80 53 82 147 38 96 87 135 141 142 61 22 39 0 32 42 2 
79 122 66 116 90 130 139 71 16 18 87 75 102 130 41 142 104 50 130 113 85 108 85 82 115 54 120 115 167 135 174 93 54 68 32 0 40 30 
119 110 58 84 56 170 145 63 56 56 127 115 70 122 33 170 120 55 122 153 99 114 77 122 120 36 120 118 133 165 166 85 20 81 42 40 0 44 
77 92 36 86 60 128 109 41 14 12 85 73 72 100 11 140 124 80 100 111 55 78 55 80 145 40 98 85 137 143 144 63 24 41 2 30 44 0 
