45 22830
276 803 969 741 58 536 353 156 931 415 541 981 444 836 41 187 521 551 7 646 503 835 505 287 862 444 168 182 252 114 484 844 848 195 452 84 799 864 663 209 662 853 263 752 713 
0 187 167 161 141 166 98 104 96 169 155 127 180 191 204 170 151 175 157 192 182 171 179 189 159 124 174 185 206 139 207 88 154 217 150 154 159 161 152 180 164 221 171 201 144 167 
187 0 134 199 179 204 136 142 134 223 75 165 165 229 193 177 140 196 124 38 139 112 170 205 132 220 204 105 226 177 127 256 192 248 188 173 180 130 193 217 181 118 144 170 147 205 
167 134 0 99 54 104 73 79 71 126 130 40 150 113 117 83 126 101 132 96 156 146 90 102 120 110 93 160 181 114 182 146 67 130 63 82 70 118 122 93 134 132 132 134 119 80 
161 199 99 0 110 5 63 73 65 109 124 96 136 30 89 119 64 151 116 161 95 102 148 158 128 139 143 154 130 108 176 175 123 186 119 123 128 130 162 83 152 164 134 170 113 63 
141 179 54 110 0 112 47 53 45 93 104 14 127 87 63 29 100 95 89 141 131 103 128 48 94 148 87 134 155 88 133 182 13 76 9 103 108 92 129 67 117 138 87 80 93 54 
166 204 104 5 112 0 68 78 70 104 129 98 131 25 94 114 69 156 121 166 100 107 153 160 133 134 148 159 125 113 181 170 125 188 121 128 133 135 157 78 147 169 129 165 118 58 
98 136 73 63 47 68 0 10 2 119 61 33 106 93 110 76 57 88 63 98 88 77 85 95 65 105 80 91 112 45 113 141 60 123 56 60 65 67 117 86 122 127 77 107 50 73 
104 142 79 73 53 78 10 0 8 125 67 39 116 103 116 82 63 78 69 104 94 83 75 101 55 95 70 97 118 51 119 131 66 129 62 50 55 57 107 92 119 117 67 97 40 79 
96 134 71 65 45 70 2 8 0 117 59 31 108 95 108 74 55 86 61 96 86 75 83 93 63 103 78 89 110 43 111 139 58 121 54 58 63 65 115 84 124 125 75 105 48 71 
169 223 126 109 93 104 119 125 117 0 148 86 119 79 156 64 172 112 178 185 175 192 160 135 129 220 104 118 179 160 140 199 80 163 96 175 180 131 145 132 135 231 117 115 144 46 
155 75 130 124 104 129 61 67 59 148 0 90 148 154 167 102 65 121 120 37 96 134 95 130 57 155 129 30 163 102 52 191 117 173 113 117 115 55 144 142 132 117 69 95 72 130 
127 165 40 96 14 98 33 39 31 86 90 0 113 73 77 43 86 109 92 127 117 106 114 62 80 134 101 120 141 74 142 170 27 90 23 89 94 78 139 53 128 152 92 94 79 40 
180 165 150 136 127 131 106 116 108 119 148 113 0 106 135 104 87 148 79 127 56 93 100 160 95 120 156 140 201 148 118 92 120 178 136 92 80 93 28 108 16 134 107 53 110 73 
191 229 113 30 87 25 93 103 95 79 154 73 106 0 119 116 94 135 146 191 125 132 154 135 116 159 143 184 100 138 206 195 100 163 96 142 154 118 132 53 122 194 104 158 131 33 
204 193 117 89 63 94 110 116 108 156 167 77 135 119 0 92 153 158 152 155 153 166 157 111 124 177 150 197 218 151 196 195 76 139 72 149 137 122 131 130 119 75 136 82 139 117 
170 177 83 119 29 114 76 82 74 64 102 43 104 116 92 0 129 123 118 139 160 132 131 71 93 177 115 132 184 117 154 164 16 99 32 132 137 91 100 96 88 167 105 51 108 83 
151 140 126 64 100 69 57 63 55 172 65 86 87 94 153 129 0 141 116 102 31 130 97 148 118 157 133 95 165 98 117 179 113 175 109 113 117 120 115 139 103 109 130 140 103 126 
175 196 101 151 95 156 88 78 86 112 121 109 148 135 158 123 141 0 147 158 114 161 48 130 86 108 8 151 192 129 173 87 107 126 91 80 68 88 120 155 132 130 98 128 101 149 
157 124 132 116 89 121 63 69 61 178 120 92 79 146 152 118 116 147 0 157 135 14 144 137 124 164 139 115 171 104 137 139 102 165 98 119 124 126 75 145 63 186 136 100 109 132 
192 38 96 161 141 166 98 104 96 185 37 127 127 191 155 139 102 158 157 0 133 150 132 167 94 182 166 67 188 139 89 218 154 210 150 135 142 92 155 179 143 80 106 132 109 167 
182 139 156 95 131 100 88 94 86 175 96 117 56 125 153 160 31 114 135 133 0 149 66 166 104 126 122 126 196 129 148 148 144 144 140 98 86 106 84 164 72 78 116 109 119 129 
171 112 146 102 103 107 77 83 75 192 134 106 93 132 166 132 130 161 14 150 149 0 158 151 138 178 153 129 185 118 151 153 116 179 112 133 138 140 89 159 77 200 150 114 123 146 
179 170 90 148 128 153 85 75 83 160 95 114 100 154 157 131 97 48 144 132 66 158 0 100 38 60 56 125 144 126 147 96 134 78 128 32 20 40 72 107 84 82 50 80 53 121 
189 205 102 158 48 160 95 101 93 135 130 62 160 135 111 71 148 130 137 167 166 151 100 0 129 120 122 100 203 136 122 156 55 106 39 68 80 131 132 115 144 105 117 122 138 102 
159 132 120 128 94 133 65 55 63 129 57 80 95 116 124 93 118 86 124 94 104 138 38 129 0 98 94 87 106 106 109 134 96 116 90 70 58 2 91 85 79 120 12 42 15 83 
124 220 110 139 148 134 105 95 103 220 155 134 120 159 177 177 157 108 164 182 126 178 60 120 98 0 116 185 204 146 207 36 161 138 157 52 40 100 92 167 104 102 110 140 113 174 
174 204 93 143 87 148 80 70 78 104 129 101 156 143 150 115 133 8 139 166 122 153 56 122 94 116 0 159 188 121 181 95 99 134 83 88 76 96 128 154 140 138 106 136 109 141 
185 105 160 154 134 159 91 97 89 118 30 120 140 184 197 132 95 151 115 67 126 129 125 100 87 185 159 0 193 132 22 221 147 203 139 147 145 85 168 172 156 147 99 125 102 160 
206 226 181 130 155 125 112 118 110 179 163 141 201 100 218 184 165 192 171 188 196 185 144 203 106 204 188 193 0 153 215 240 168 222 164 168 164 108 197 153 185 226 94 148 121 133 
139 177 114 108 88 113 45 51 43 160 102 74 148 138 151 117 98 129 104 139 129 118 126 136 106 146 121 132 153 0 154 182 101 164 97 101 106 108 120 127 132 168 118 148 91 114 
207 127 182 176 133 181 113 119 111 140 52 142 118 206 196 154 117 173 137 89 148 151 147 122 109 207 181 22 215 154 0 210 146 209 142 169 167 107 146 194 134 169 121 147 124 182 
88 256 146 175 182 170 141 131 139 199 191 170 92 195 195 164 179 87 139 218 148 153 96 156 134 36 95 221 240 182 210 0 180 174 178 88 76 136 64 200 76 138 146 113 149 163 
154 192 67 123 13 125 60 66 58 80 117 27 120 100 76 16 113 107 102 154 144 116 134 55 96 161 99 147 168 101 146 180 0 83 16 116 121 94 116 80 104 151 94 67 106 67 
217 248 130 186 76 188 123 129 121 163 173 90 178 163 139 99 175 126 165 210 144 179 78 106 116 138 134 203 222 164 209 174 83 0 67 110 98 118 150 143 162 160 128 150 131 130 
150 188 63 119 9 121 56 62 54 96 113 23 136 96 72 32 109 91 98 150 140 112 128 39 90 157 83 139 164 97 142 178 16 67 0 107 117 92 132 76 120 144 78 83 102 63 
154 173 82 123 103 128 60 50 58 175 117 89 92 142 149 132 113 80 119 135 98 133 32 68 70 52 88 147 168 101 169 88 116 110 107 0 12 72 64 139 76 74 82 112 70 129 
159 180 70 128 108 133 65 55 63 180 115 94 80 154 137 137 117 68 124 142 86 138 20 80 58 40 76 145 164 106 167 76 121 98 117 12 0 60 52 127 64 62 70 100 73 134 
161 130 118 130 92 135 67 57 65 131 55 78 93 118 122 91 120 88 126 92 106 140 40 131 2 100 96 85 108 108 107 136 94 118 92 72 60 0 89 87 77 122 14 40 17 85 
152 193 122 162 129 157 117 107 115 145 144 139 28 132 131 100 115 120 75 155 84 89 72 132 91 92 128 168 197 120 146 64 116 150 132 64 52 89 0 136 12 114 103 49 106 99 
180 217 93 83 67 78 86 92 84 132 142 53 108 53 130 96 139 155 145 179 164 159 107 115 85 167 154 172 153 127 194 200 80 143 76 139 127 87 136 0 124 189 97 127 100 86 
164 181 134 152 117 147 122 119 124 135 132 128 16 122 119 88 103 132 63 143 72 77 84 144 79 104 140 156 185 132 134 76 104 162 120 76 64 77 12 124 0 126 91 37 94 89 
221 118 132 164 138 169 127 117 125 231 117 152 134 194 75 167 109 130 186 80 78 200 82 105 120 102 138 147 226 168 169 138 151 160 144 74 62 122 114 189 126 0 132 157 135 192 
171 144 132 134 87 129 77 67 75 117 69 92 107 104 136 105 130 98 136 106 116 150 50 117 12 110 106 99 94 118 121 146 94 128 78 82 70 14 103 97 91 132 0 54 27 71 
201 170 134 170 80 165 107 97 105 115 95 94 53 158 82 51 140 128 100 132 109 114 80 122 42 140 136 125 148 148 147 113 67 150 83 112 100 40 49 127 37 157 54 0 57 125 
144 147 119 113 93 118 50 40 48 144 72 79 110 131 139 108 103 101 109 109 119 123 53 138 15 113 109 102 121 91 124 149 106 131 102 70 73 17 106 100 94 135 27 57 0 98 
167 205 80 63 54 58 73 79 71 46 130 40 73 33 117 83 126 149 132 167 129 146 121 102 83 174 141 160 133 114 182 163 67 130 63 129 134 85 99 86 89 192 71 125 98 0 
